Length
146
153
330
488
517
622
139
308
474
229
61
402
176
213
89
328
207
932
152
216
188
457
470
349
469
607
196
294
145
260
340
307
569
461
404
693
230
702
91
207
567
207
287
238
215
198
151
404
222
78
55
269
159
260
425
321
354
310
403
341
450
515
144
82
158
339
46
273
162
354
458
232
162
319
300
327
329
272
475
237
245
348
255
211
144
248
282
79
152
260
340
411
79
49
194
161
305
443
174
281
342
732
71
151
105
811
294
261
214
252
278
109
903
698
191
233
258
89
85
771
75
791
171
239
450
539
293
135
226
715
181
851
313
201
193
122
374
173
362
329
271
225
232
346
470
268
108
848
436
394
686
328
437
189
513
191
340
260
706
210
135
143
289
78
326
200
353
255
284
282
326
329
183
602
73
195
72
266
244
131
121
95
124
156
702
394
152
64
157
103
209
201
100
274
92
110
232
136
63
84
123
104
179
101
130
177
117
167
59
144
443
38
118
129
206
329
129
141
66
137
458
429
315
170
373
145
179
190
273
193
260
340
330
551
103
652
438
210
939
523
404
73
71
82
83
243
197
215
682
445
133
306
216
97
264
355
404
89
328
428
393
266
334
279
345
676
216
181
437
266
162
319
359
270
378
353
197
394
151
345
192
191
152
212
792
247
85
466
685
1238
174
288
825
123
202
169
345
72
327
468
359
397
119
947
182
104
382
274
418
485
60
273
290
344
141
55
856
191
671
185
715
595
119
433
478
192
97
548
128
342
188
104
152
118
130
244
607
325
1119
293
350
181
411
504
156
593
635
313
101
428
419
334
66
432
141
844
246
547
103
260
340
687
438
87
441
240
411
95
65
470
384
348
398
178
291
114
106
361
852
163
96
291
339
333
351
527
530
346
410
77
360
1028
110
361
390
110
347
145
147
529
204
53
423
262
423
265
407
239
233
326
460
423
376
168
425
207
908
639
125
180
215
288
155
238
819
309
429
258
317
195
462
815
203
636
379
394
299
87
312
938
169
152
317
152
273
391
1077
204
266
153
160
152
54
154
289
125
272
331
434
780
277
206
247
337
186
503
172
147
614
327
867
782
367
205
121
163
451
536
1150
117
968
789
255
227
519
330
94
553
260
340
200
476
363
520
152
318
68
601
36
575
164
152
38
336
148
152
320
105
587
490
458
360
438
400
356
491
306
275
418
383
306
176
177
904
128
260
340
122
94
131
101
48
126
129
232
184
264
434
469
483
496
176
152
422
331
169
994
395
673
189
499
577
327
212
213
212
562
3295
77
75
143
251
54
761
331
459
372
1117
328
414
293
272
160
727
508
589
349
108
66
35
410
483
148
196
126
134
100
238
310
52
84
340
260
156
134
39
612
582
71
337
216
119
272
412
207
435
951
476
416
93
217
260
386
228
56
465
210
141
275
194
631
303
194
757
243
474
277
69
385
297
220
403
353
143
518
168
156
244
277
291
428
410
288
140
152
152
826
239
368
337
331
189
377
257
89
256
137
303
342
126
546
347
239
446
124
141
88
305
148
141
218
413
152
261
221
370
97
453
307
326
148
348
404
399
401
425
126
108
393
156
231
288
303
198
151
123
100
171
261
387
331
456
137
80
1438
439
741
447
132
291
585
590
434
254
375
358
1939
550
2201
260
340
264
290
748
175
228
346
77
406
718
753
340
420
313
386
302
295
211
547
133
238
101
280
389
318
198
114
180
145
338
503
640
167
138
251
102
316
728
1037
260
340
144
517
258
432
388
165
262
296
146
388
251
352
408
535
495
284
192
360
435
792
357
419
103
686
400
283
435
420
366
502
336
333
172
285
226
106
101
259
238
774
94
85
512
380
121
66
108
763
132
98
120
86
404
505
365
577
238
299
172
492
472
233
141
88
330
165
233
381
145
959
128
365
406
392
437
192
109
198
413
218
302
259
205
289
359
387
338
260
340
152
664
250
106
659
384
170
235
243
319
187
140
294
371
358
232
273
184
96
197
376
3110
308
108
239
371
90
358
366
699
339
499
319
720
118
91
249
765
91
740
782
882
163
578
228
450
514
166
123
87
131
216
216
247
458
277
407
316
582
442
726
477
226
261
788
65
425
1039
496
195
3705
626
291
605
518
410
690
1137
340
260
202
156
136
1123
962
1220
652
441
416
390
275
147
439
305
131
368
251
454
281
181
152
110
257
149
129
274
912
263
241
285
241
185
398
252
282
451
795
165
340
181
262
394
198
1171
319
132
460
105
86
66
182
138
242
572
235
135
271
217
343
188
61
267
154
260
475
251
239
154
254
494
260
340
106
362
319
180
298
556
362
399
152
160
144
94
116
559
293
192
426
129
115
588
238
935
407
388
290
522
379
110
133
228
142
388
430
168
269
353
241
312
338
260
340
250
111
383
350
338
272
496
263
50
259
231
359
273
334
422
345
383
267
240
236
671
81
307
326
159
81
151
236
152
567
490
198
673
297
293
287
266
152
309
314
59
311
571
179
113
367
82
278
309
266
295
157
422
533
358
278
232
285
471
284
384
312
278
444
768
72
296
371
726
480
175
402
397
169
85
376
762
242
891
957
217
384
371
152
388
498
342
595
311
80
240
159
437
203
271
250
96
205
64
502
122
99
497
468
351
198
151
378
86
115
259
246
478
120
162
226
127
598
75
334
152
94
585
235
399
114
530
342
366
602
194
233
327
108
266
490
397
190
414
84
271
321
380
498
517
236
362
524
332
173
377
312
566
214
162
158
273
837
285
362
290
503
381
360
262
665
206
216
355
274
328
223
432
433
254
223
198
271
562
87
104
39
161
369
377
321
281
154
376
340
260
76
308
378
261
262
456
281
222
238
243
242
186
191
335
496
339
573
340
550
298
555
315
371
649
87
106
758
152
72
236
574
594
320
164
1305
202
447
430
382
244
224
760
285
588
345
364
622
361
428
230
557
94
763
582
328
478
69
60
250
297
261
440
233
1485
152
618
182
215
396
360
466
401
871
336
183
370
706
637
428
541
192
46
55
152
327
260
340
136
172
590
151
152
353
168
211
712
148
661
154
226
138
113
396
92
108
101
120
92
393
805
248
106
152
427
248
412
239
253
262
162
82
282
166
516
450
228
578
163
880
782
766
257
86
727
106
373
1140
533
361
156
587
361
162
150
455
207
531
217
402
255
424
436
222
420
786
70
280
377
289
383
220
388
335
506
336
245
565
294
231
135
393
418
363
260
340
152
675
370
213
193
618
528
259
515
432
193
614
282
346
346
359
753
604
296
297
469
204
258
245
196
355
382
443
299
275
144
331
363
463
476
379
105
402
1050
466
141
246
280
425
57
381
455
476
446
302
231
170
209
430
168
330
246
54
708
414
402
98
46
81
348
95
402
1221
320
152
198
174
55
344
316
309
244
78
413
152
268
341
212
340
269
477
152
272
117
129
191
268
343
180
434
137
402
260
340
179
1148
400
234
416
256
278
411
373
484
223
207
456
208
371
148
208
417
347
86
526
285
127
441
71
300
149
177
336
1060
70
63
236
899
194
295
427
723
165
411
125
328
225
1268
958
233
557
290
349
129
214
39
254
736
317
409
64
82
418
77
260
340
129
79
329
815
250
185
176
184
883
450
165
237
690
293
180
259
870
387
267
455
388
263
283
465
182
236
430
375
306
296
555
253
278
402
340
260
270
94
283
572
54
128
79
72
91
99
81
457
199
38
69
251
279
92
340
260
680
758
189
153
295
265
324
155
210
254
465
285
132
267
268
455
520
165
454
199
458
85
393
460
106
102
141
683
316
76
169
128
294
118
108
152
386
692
140
152
146
100
232
137
134
225
428
209
232
229
369
314
554
337
325
688
353
331
525
309
319
139
60
260
89
274
178
138
333
156
450
148
484
238
330
570
103
59
158
203
291
120
132
466
369
240
169
330
266
220
253
112
111
1323
494
282
376
434
199
392
474
183
84
113
74
218
617
182
171
48
57
319
148
84
95
99
119
96
358
189
144
265
337
422
286
275
61
340
260
193
54
61
673
525
267
366
3163
2035
319
600
600
426
434
420
246
449
863
214
176
210
440
180
280
292
157
186
409
289
320
199
386
508
256
340
546
639
175
469
430
387
237
165
103
295
405
822
673
444
155
299
92
262
366
593
473
414
350
505
447
330
348
250
268
406
255
456
190
658
338
268
428
320
384
194
395
154
552
402
720
703
212
219
226
316
310
301
357
156
140
463
230
363
235
231
280
178
276
132
169
363
196
90
315
299
207
420
360
276
133
269
284
152
260
340
291
360
278
288
152
276
370
245
186
187
401
194
536
511
557
1576
576
191
254
323
267
131
271
598
147
247
173
204
334
261
252
318
438
320
480
289
491
213
154
98
114
634
232
195
562
373
89
270
228
90
361
218
148
412
340
260
86
214
142
201
129
187
69
91
170
152
265
211
149
402
324
370
257
401
176
84
116
194
135
306
103
73
1167
113
152
250
236
210
364
183
116
206
1067
332
305
139
51
402
390
399
246
118
176
524
239
511
434
400
289
301
373
424
644
256
291
334
137
90
215
338
616
183
348
642
96
128
268
286
402
289
154
338
448
132
196
260
340
891
214
545
306
301
333
333
71
107
486
82
179
87
98
252
402
149
180
256
71
211
104
268
396
475
332
192
521
20
42
299
206
344
196
253
348
83
124
871
324
285
890
196
253
103
389
100
245
108
71
231
82
221
101
688
644
436
333
213
233
209
351
297
620
188
193
147
712
500
567
327
523
349
310
349
342
199
514
391
465
311
372
405
222
414
87
135
140
350
105
83
90
570
95
341
414
36
338
157
343
273
546
467
1023
846
264
560
100
224
481
172
250
318
464
508
67
317
463
138
248
425
499
152
874
118
192
184
70
94
278
107
104
1280
201
318
463
123
61
898
330
150
113
219
112
1177
313
334
279
327
538
256
324
167
152
525
148
152
353
465
119
75
221
342
152
61
548
321
296
330
271
426
501
196
87
260
340
201
286
424
217
104
370
155
143
298
79
545
199
365
984
135
215
116
73
288
192
341
310
400
383
218
457
470
78
152
340
260
339
140
406
441
248
503
123
138
1018
367
794
273
348
338
154
128
114
554
301
667
327
384
253
184
335
152
98
795
327
118
65
183
642
70
104
227
220
323
296
294
297
291
184
221
402
371
204
352
355
42
232
218
245
326
452
167
339
184
334
316
448
1095
328
110
415
424
371
312
351
274
291
428
346
462
359
181
150
134
55
65
677
83
167
2535
562
321
374
493
60
365
313
334
330
496
305
408
222
180
312
174
295
165
258
167
375
247
218
240
415
340
260
336
86
52
319
471
323
285
272
567
455
214
102
60
625
171
443
316
330
427
254
178
155
396
487
510
614
100
181
180
325
914
461
172
598
225
164
310
404
197
89
610
218
164
151
63
400
717
344
147
84
402
2004
184
284
508
648
309
515
342
377
656
306
271
631
95
64
60
321
205
69
127
85
321
229
87
400
360
370
631
156
105
220
344
207
860
160
242
224
246
305
515
292
157
370
474
393
45
554
250
409
381
266
677
152
555
473
148
175
95
255
83
87
260
340
334
388
399
323
693
134
78
121
111
149
402
70
525
323
268
268
221
100
144
572
231
228
220
330
352
109
391
134
126
59
105
453
115
280
253
58
122
175
547
80
142
209
908
200
688
562
68
160
487
343
248
316
245
243
339
215
228
127
320
218
441
252
545
191
218
318
151
284
599
332
226
303
241
340
260
1275
921
282
268
159
115
113
679
180
155
218
219
245
100
164
656
188
170
408
254
423
98
436
774
163
176
310
361
275
268
180
92
689
407
231
176
345
305
261
375
152
336
264
220
304
434
240
169
505
190
262
228
238
265
302
232
191
182
418
402
81
133
126
190
83
79
638
193
402
735
176
793
542
297
329
297
340
260
101
123
439
587
210
309
200
112
66
60
288
70
152
208
347
212
181
270
570
749
687
519
70
491
450
282
421
342
437
501
361
444
1052
1024
465
239
112
464
296
154
256
266
159
402
214
131
131
139
132
159
152
525
487
459
74
318
495
393
211
424
375
345
249
398
142
806
1430
317
432
66
111
650
174
107
128
409
164
257
267
152
340
224
453
385
182
417
396
112
540
445
331
483
152
186
1296
486
200
215
295
279
86
152
126
243
260
340
449
186
161
500
174
184
402
259
181
891
626
341
393
343
445
227
560
160
200
370
339
528
349
174
161
282
808
205
258
221
189
218
118
223
143
174
411
415
323
175
292
329
137
409
394
471
152
201
115
71
670
328
244
322
85
575
169
152
449
227
401
678
548
486
65
323
393
509
514
235
410
292
363
291
277
345
510
292
50
151
290
233
297
299
203
137
759
138
61
141
309
152
761
198
200
155
830
88
167
209
92
1043
194
182
391
557
356
589
362
166
132
375
225
64
699
150
288
237
152
352
293
189
157
139
231
57
354
486
118
239
152
461
164
240
174
354
809
228
212
258
289
304
149
139
961
269
159
94
404
563
434
383
457
247
470
337
380
447
427
285
437
261
329
320
214
624
201
110
658
187
178
51
1139
117
218
395
1050
86
47
117
122
67
181
173
286
431
112
607
588
153
346
273
567
232
135
148
628
90
784
423
207
434
106
192
492
255
318
663
204
110
296
456
163
303
196
483
84
306
619
152
161
329
138
156
369
149
152
322
615
111
374
356
193
200
152
43
91
226
609
463
439
354
438
229
414
1235
260
340
304
303
95
174
185
173
89
252
419
367
133
415
152
101
534
303
486
352
315
75
340
407
198
209
266
413
447
246
257
193
815
248
617
1910
596
430
340
260
248
217
222
262
281
67
465
155
399
257
113
170
390
511
388
145
249
880
452
113
61
857
243
325
243
120
152
340
260
373
356
238
255
152
115
246
182
82
453
297
396
152
171
519
142
188
61
875
187
356
162
446
314
474
495
314
276
381
507
205
324
737
127
176
236
286
205
816
231
269
367
152
504
329
345
293
498
547
101
261
395
101
459
256
68
92
113
429
319
224
333
256
371
151
851
332
333
208
254
349
162
241
106
105
213
478
302
472
88
66
135
576
606
119
223
201
431
545
280
744
930
481
506
233
280
204
114
478
426
665
362
264
824
852
191
245
151
321
491
159
266
284
126
397
256
308
220
178
533
115
296
264
302
119
865
152
475
509
887
254
465
284
183
302
154
512
399
347
206
250
68
152
340
260
636
419
358
364
503
149
965
167
143
335
152
349
278
292
233
712
144
241
158
208
392
293
263
239
378
193
250
212
147
388
364
279
294
437
408
672
95
168
173
41
331
292
468
1041
386
351
103
122
57
664
294
705
261
171
89
324
136
884
495
150
111
446
277
644
209
97
158
482
220
355
390
328
85
103
323
133
91
312
156
87
460
337
175
118
1305
578
212
443
70
187
247
656
221
206
246
151
152
150
75
106
130
92
340
260
313
297
234
299
657
117
196
191
241
217
778
307
1488
472
161
171
213
130
142
375
134
457
152
362
420
87
100
207
185
260
272
324
328
187
187
181
241
477
160
284
90
311
154
128
340
260
349
438
181
448
255
867
265
228
465
1177
800
152
161
63
74
135
732
140
1512
264
299
376
313
167
310
233
193
373
382
265
271
451
549
395
306
352
498
329
317
545
201
284
448
391
152
70
70
155
275
296
131
454
220
158
39
98
321
293
484
80
449
154
150
206
366
325
638
347
331
162
197
489
1307
289
481
952
1011
119
133
100
1496
833
288
303
67
311
651
152
93
182
446
212
128
136
555
471
317
158
260
340
261
146
493
165
172
112
309
423
369
78
403
525
296
135
548
461
561
1635
1231
575
435
532
309
61
529
428
233
91
196
234
355
261
260
169
86
681
215
265
63
271
376
37
152
1406
1342
122
165
234
142
181
127
394
260
340
183
316
319
345
61
177
483
158
152
443
729
387
233
498
162
340
260
340
258
220
88
543
210
251
477
176
605
276
253
267
758
317
299
308
249
357
281
295
439
163
777
228
215
172
368
153
233
255
428
308
371
130
152
285
317
222
541
47
220
90
139
106
208
788
84
222
175
431
424
551
371
350
269
337
206
206
610
292
156
296
316
280
405
228
720
238
303
234
274
62
106
850
69
313
249
374
406
152
463
246
454
361
418
376
222
293
355
420
376
353
365
419
108
428
673
93
263
402
75
176
243
875
455
248
85
87
492
293
69
153
160
161
514
616
308
85
548
507
112
293
330
339
496
318
61
287
631
367
135
215
466
305
243
487
267
442
602
205
830
457
257
334
389
878
214
261
154
473
815
476
476
662
727
565
3013
95
124
93
367
194
134
77
167
438
331
231
89
245
335
286
227
314
330
507
851
398
498
152
111
148
447
445
256
680
280
450
375
422
378
168
165
289
1070
360
258
740
276
66
314
499
429
159
572
234
728
358
326
300
315
535
82
587
463
443
260
340
196
563
487
467
510
563
314
188
309
414
317
319
335
252
120
81
435
397
397
394
510
331
439
484
328
255
185
330
214
261
409
193
110
462
309
224
323
274
207
649
110
150
118
184
387
643
241
689
304
190
151
219
214
326
687
147
421
552
154
137
112
320
317
221
261
269
804
361
366
462
69
46
119
546
454
399
442
222
251
245
284
223
240
258
295
323
346
609
456
140
460
287
513
177
156
79
274
127
206
629
