	Bacteroidetes	Firmicutes	Proteobacteria	Tenericutes	Spirochaetes	Verrucomicrobia	Actinobacteria_<phylum>	Chlamydiae	Fibrobacteres	Cyanobacteria	Chloroflexi	Planctomycetes	Fusobacteria	Parcubacteria	Acidobacteria	Synergistetes	Elusimicrobia
4-L	0.40805928	0.126014504	0.020603024	0.001912755	0.001837909	0.00181574	0.001391034	0.000813768	0.00073408	0.000731502	0.000611767	0.000375	0.000366267	0.000297064	0.000180184	7.26E-05	1.23E-05
5-L	0.217848239	0.132335732	0.009496517	0.000281545	0.034724982	0.002012669	0.001050655	0.000491997	0.011212263	0.000321577	7.99E-05	0.000506245	0.000132151	0.000164851	2.08E-07	9.51E-05	9.78E-05
6-L	0.351909503	0.036304728	0.002453852	9.91E-05	0.001061654	0.000433481	0.000507061	0.000214009	0.00113594	0.000156961	0.000369428	8.38E-05	5.29E-05	9.93E-05	3.80E-05	5.86E-05	1.05E-05
7-L	0.297855291	0.022492654	0.017163388	0.000170157	0.000331618	0.004377671	0.000776557	0.000162046	0.005012254	0.00014773	7.66E-05	0.000131992	4.64E-05	3.03E-05	5.99E-06	3.30E-05	0
9-L	0.25077928	0.046492757	0.028195404	0.000136799	0.001538353	0.000661758	0.000643732	0.000860899	0.003065812	0.000307506	0.000140406	6.56E-05	0.000100706	4.46E-05	2.31E-05	0.00027504	0.001530341
11-L	0.414202829	0.062956033	0.013938189	7.26E-05	0.004415763	0.001751781	0.001614444	0.001829201	0.000740365	0.000762633	0.000265387	0.000458183	0.00026397	0.000197026	0.000550539	0.000655053	9.25E-05
14-L	0.264008074	0.08232442	0.043238079	0.000400161	0.00847444	0.001566514	0.001052362	0.001383572	0.000301759	0.000340074	9.42E-05	0.000400799	0.000513655	0.000313611	0.000293703	0.000220711	0.000220843
15-L	0.225284511	0.071851372	0.01045817	0.000477313	0.001741615	0.000617196	0.001010533	0.000151758	2.69E-05	0.00029264	3.64E-06	0.00012894	0.00065107	8.10E-05	0.000236094	0.000543259	0.006389091
16-L	0.153285176	0.038453612	0.011326299	0.000522823	0.001378754	0.00332061	0.000880468	0.000548678	0.000183487	0.000373492	0.000188257	0.000983338	0.000212968	0.000301217	0.000203886	0.002077921	9.54E-05
